0.2056  0.0000  250
0.2101  0.0500  255
0.2146  0.1000  260
0.2189  0.0000  265
0.2190  0.0000  270
0.2236  0.0500  275
0.2268  0.0500  280
0.2291  0.2500  285
0.2365  0.2000  290
0.2374  0.1000  295
0.2421  0.1000  300
0.2424  0.2500  305
0.2502  0.2000  310
0.2527  0.3000  315
0.2549  0.3000  320
0.2561  0.2000  325
0.2626  0.5000  330
0.2681  0.5500  335
0.2700  0.5500  340
0.2709  0.5000  345
0.2740  0.5000  350
0.2789  0.6500  355
0.2828  0.7000  360
0.2841  0.6500  365
0.2886  0.7500  370
0.2915  0.7500  375
0.2929  0.8000  380
0.3002  0.8000  385
0.2997  0.6000  390
0.3079  0.9500  395
0.3108  0.8500  400
0.3073  0.8000  400
0.3133  0.8500  405
0.3141  0.7500  410
0.3183  0.7500  415
0.3188  0.9500  420
0.3253  0.9000  425
0.3271  0.8500  430
0.3271  0.9500  435
0.3355  0.9500  440
0.3356  1.0000  445
0.3362  1.0000  450