0.1327  0.3333  0.2962
0.1495  0.5000  0.1342
0.1611  0.5833  0.1732
0.1751  0.8333  0.1723
0.1922  0.9167  0.5391
0.2082  0.9167  0.2942
0.2162  1.0000  0.6194
0.0609  0.0000  0.0000
0.0776  0.0000  0.0000
0.0887  0.0833  0.0018
0.1092  0.0833  0.0016
0.1227  0.0833  0.0425
0.1413  0.6667  0.0603
0.0697  0.0000  0.0000
0.0877  0.0667  0.0005
0.1033  0.0667  0.0003
0.1245  0.3333  0.0177
0.1419  0.3333  0.1778
0.1608  0.8667  0.2074
0.1732  0.6667  0.2008
0.1903  0.8667  0.3441
0.2042  1.0000  0.3199
0.2236  1.0000  0.2194
0.0702  0.0000  0.0000
0.0875  0.0500  0.0004
0.1047  0.1000  0.0088
0.1222  0.1500  0.0019
0.1361  0.3500  0.0989
0.1535  0.5500  0.0563
0.1728  0.9000  0.3705
0.1865  0.9500  0.2570
0.2066  1.0000  0.3586
0.2243  0.9500  0.4788