0.0334  0.0000
0.0650  0.0000
0.0944  0.0000
0.1225  1.0000
0.1526  1.0000
0.1796  1.0000
0.2048  1.0000
0.2287  1.0000
0.2556  1.0000
0.2778  1.0000
0.3015  1.0000
0.0490  0.0000
0.0645  0.0000
0.0798  0.0000
0.0949  0.5000
0.1089  1.0000
0.1247  1.0000
0.1373  1.0000
0.1512  1.0000
0.1631  1.0000
0.1791  1.0000
0.1913  1.0000
0.0797  0.0000
0.0856  0.0000
0.0913  0.0500
0.0974  0.5500
0.1031  0.8500
0.1092  0.9500
0.0856  0.1000
0.0865  0.1000
0.0872  0.0500
0.0883  0.0000
0.0891  0.1500
0.0900  0.3500
0.0912  0.3000
0.0916  0.2500
0.0929  0.2500
0.0938  0.3500
0.0942  0.5000
0.0857  0.1333
0.0860  0.1333
0.0869  0.0667
0.0872  0.0000
0.0879  0.1333
0.0885  0.1333
0.0892  0.0667
0.0898  0.1333
0.0907  0.0667
0.0908  0.1333
0.0913  0.2667
0.0923  0.2667
0.0931  0.2667
0.0930  0.2667
0.0938  0.2667
0.0943  0.4000
0.0950  0.5333
0.0959  0.4667
0.0962  0.5333
0.0967  0.6667
0.0975  0.6667
0.0980  0.7333
0.0986  0.5333
0.0995  0.6667
0.0996  0.7333
0.1005  0.6000
0.1012  0.8667
0.1015  0.9333
0.1021  0.8667
0.1026  1.0000
0.1033  0.8667
0.1039  0.8667
0.1042  0.8667
0.1057  0.9333
0.1054  1.0000
0.1065  1.0000
0.1070  1.0000
0.1075  1.0000
0.1081  1.0000
0.1084  0.9333
0.1095  1.0000
0.0738  0.0000
0.0741  0.0000
0.0749  0.0000
0.0754  0.0000
0.0759  0.0000
0.0766  0.0000
0.0773  0.0000
0.0781  0.0000
0.0783  0.0000
0.0789  0.0000
0.0800  0.0000
0.0801  0.0000
0.0807  0.0000
0.0814  0.0000
0.0821  0.0000
0.0828  0.0000
0.0833  0.1000
0.0839  0.0000
0.0842  0.0500
0.0851  0.0500
0.0860  0.1000
0.0828  0.0500
0.0832  0.0500
0.0836  0.0000
0.0845  0.0000
0.0848  0.0000
0.0857  0.0500
0.0864  0.0500
0.0866  0.0500
0.0873  0.1500
0.0883  0.0500
0.0884  0.1000
0.0891  0.0000
0.0896  0.1500
0.0904  0.0500
0.0910  0.2000
0.0916  0.2000
0.0919  0.3500
0.0929  0.2000
0.0936  0.4000
0.0937  0.2000
0.0947  0.6000
0.0952  0.4500
0.0956  0.5500
0.0962  0.4000
0.0969  0.3500
0.0972  0.5000
0.0985  0.6500
0.0987  0.6000
0.0994  0.7500
0.1000  0.8000
0.1004  0.9000
0.1009  0.8500
0.1017  0.7500
0.1020  0.8000
0.1027  0.8500
0.1033  0.9000
0.1038  0.9000
0.1044  1.0000
0.1050  1.0000
0.1056  0.8000
0.1061  0.9500
0.0973  0.7500
0.0984  0.7000
0.0990  0.8000
0.0998  0.8000
0.1010  0.8500
0.1020  0.8000
0.1024  0.9500
0.1037  0.9000
0.1044  0.9000
0.1051  1.0000
0.1061  1.0000
0.1072  0.9000
0.1079  0.9500
0.1087  0.9000
0.1097  1.0000
0.1107  1.0000
0.1113  1.0000
0.1125  1.0000
0.1132  1.0000
0.1137  1.0000
0.1150  1.0000