0.0657  0.0000
0.0739  0.0000
0.0836  0.0000
0.0939  0.0000
0.1032  0.0500
0.1102  0.0000
0.1201  0.2000
0.1303  0.2500
0.1361  0.5500
0.1469  0.4500
0.1524  0.6500
0.1607  0.9000
0.1689  0.9000
0.1783  0.9500
0.1870  0.9500
0.1951  1.0000
0.0793  0.0000
0.0879  0.0000
0.0970  0.0000
0.1076  0.0500
0.1157  0.1000
0.1237  0.1500
0.1346  0.2500
0.1412  0.5000
0.1504  0.8000
0.1573  0.7000
0.1649  0.9000
0.1730  0.9500
0.1825  0.9000
0.1910  1.0000
0.1990  1.0000
0.2071  1.0000
0.0789  0.0000
0.0881  0.0000
0.0979  0.0370
0.1072  0.0000
0.1156  0.1111
0.1257  0.2222
0.1318  0.2593
0.1413  0.4444
0.1477  0.7407
0.1574  0.7778
0.1660  0.9630
0.1754  1.0000
0.1831  1.0000
0.1916  1.0000
0.1971  1.0000
0.2057  1.0000