0.0941  0.0000  350
0.0962  0.0000  360
0.0984  0.1250  370
0.1034  0.0000  380
0.1054  0.2500  390
0.1069  0.0000  400
0.1095  0.1250  410
0.1119  0.2500  420
0.1155  0.5000  430
0.1184  0.7500  440
0.1173  0.3750  450
0.1206  0.7500  460
0.1260  0.8750  470
0.1251  0.3750  480
0.1281  0.8750  490
0.1294  0.6250  500
0.1314  0.8750  510
0.1350  0.8750  520
0.1375  0.8750  530
0.1401  1.0000  540
0.1448  0.8750  550
0.1452  0.8750  560
0.1483  1.0000  570
0.1489  1.0000  580
0.1538  1.0000  590
0.1540  1.0000  600
0.1577  1.0000  610
0.1588  1.0000  620
0.0943  0.0000  350
0.0967  0.2500  360
0.0989  0.0000  370
0.1016  0.1250  380
0.1052  0.1250  390
0.1076  0.1250  400
0.1093  0.1250  410
0.1107  0.3750  420
0.1126  0.3750  430
0.1164  0.7500  440
0.1203  0.7500  450
0.1221  0.8750  460
0.1245  1.0000  470
0.1250  0.6250  480
0.1278  0.8750  490
0.1303  0.7500  500
0.1344  0.7500  510
0.1351  0.8750  520
0.1398  0.8750  530
0.1407  0.7500  540
0.1406  1.0000  550
0.1442  0.8750  560
0.1479  0.8750  570
0.1524  1.0000  580
0.1510  1.0000  590
0.1537  1.0000  600
0.1581  1.0000  610
0.1569  1.0000  620
0.0948  0.0000  350
0.0959  0.2222  360
0.0999  0.3333  370
0.1019  0.1111  380
0.1053  0.3333  390
0.1056  0.0000  400
0.1093  0.4444  410
0.1101  0.3333  420
0.1142  0.6667  430
0.1179  0.4444  440
0.1193  0.6667  450
0.1226  0.6667  460
0.1222  0.7778  470
0.1256  0.5556  480
0.1282  0.7778  490
0.1309  1.0000  500
0.1345  0.8889  510
0.1364  0.6667  520
0.1369  1.0000  530
0.1393  0.8889  540
0.1434  1.0000  550
0.1467  1.0000  560
0.1470  1.0000  570
0.1505  0.8889  580
0.1517  1.0000  590
0.1524  1.0000  600
0.0921  0.0000  340
0.0929  0.0400  345
0.0945  0.0400  350
0.0959  0.0200  355
0.0967  0.0400  360
0.0983  0.1600  365
0.0996  0.1200  370
0.1007  0.1800  375
0.1021  0.1400  380
0.1037  0.1800  385
0.1046  0.1600  390
0.1058  0.2000  395
0.1074  0.2200  400
0.1079  0.2800  405
0.1081  0.2200  410
0.1104  0.2600  415
0.1122  0.4200  420
0.1132  0.4800  425
0.1140  0.3600  430
0.1150  0.3400  435
0.1166  0.6000  440
0.1173  0.4600  445
0.1188  0.4200  450
0.1199  0.4800  455
0.1219  0.5400  460
0.1231  0.6000  465
0.1236  0.5400  470
0.1256  0.7000  475
0.1263  0.7000  480
0.1284  0.7400  485
0.1279  0.8600  490
0.1303  0.7600  495
0.1312  0.7600  500
0.1330  0.8200  505
0.1330  0.8800  510
0.1350  0.9200  515
0.1361  0.9000  520
0.1376  0.9000  525
0.1380  0.7800  530
0.1389  0.9400  535
0.1406  0.9400  540
0.1419  0.9400  545
0.1432  0.9200  550
0.1438  0.9600  555
0.1452  0.9200  560
0.1463  1.0000  565
0.1480  0.9400  570
0.1486  0.9400  575
0.1501  0.9800  580
0.1510  0.9200  585
0.1525  1.0000  590