0.0120  0.0000
0.0236  0.0000
0.0349  0.0000
0.0462  0.0000
0.0573  0.0000
0.0684  0.0000
0.0792  0.5556
0.0900  1.0000
0.1006  1.0000
0.1110  1.0000
0.0684  0.0000
0.0695  0.0000
0.0706  0.0000
0.0716  0.0000
0.0727  0.1111
0.0738  0.0000
0.0748  0.3333
0.0760  0.3333
0.0771  0.2222
0.0782  0.4444
0.0793  0.5556
0.0803  0.8889
0.0815  0.6667
0.0825  0.6667
0.0835  1.0000
0.0846  1.0000
0.0856  1.0000
0.0867  0.8889
0.0878  1.0000
0.0889  1.0000
0.0900  1.0000
0.0727  0.0000
0.0730  0.0000
0.0732  0.0833
0.0734  0.0833
0.0735  0.0833
0.0738  0.0833
0.0740  0.2500
0.0743  0.0833
0.0745  0.2500
0.0747  0.0833
0.0748  0.1667
0.0750  0.3333
0.0754  0.0000
0.0756  0.0833
0.0757  0.1667
0.0760  0.1667